logistic: 0.9564596273291925
random_forest: 0.9962655279503106
svm: 0.7838431677018634
